16.67
16.66
16.66
16.67
16.66
16.66
16.66
16.66
16.66
16.67
16.66
16.66
16.67
16.67
16.66
16.66
16.66
16.66
16.67
16.67
33.33
49.98
33.34
33.33
16.66
16.66
16.66
16.66
16.66
16.67
16.66
16.67
33.33
33.32
16.67
16.66
16.66
16.67
16.67
16.66
16.66
16.66
16.66
16.66
16.66
16.66
16.66
16.66
16.66
16.66
16.66
16.66
16.66
16.66
16.66
16.66
16.66
16.66
16.66
16.66
16.66
16.66
16.66
16.66
16.66
16.66
16.66
16.66
16.66
16.66
16.66
16.66
49.99
16.66
16.68
16.66
16.67
16.66
16.66
16.66
16.67
16.67
16.66
16.66
16.67
16.66
16.66
16.66
16.66
16.66
16.66
16.66
16.66
16.66
16.66
16.66
16.66
16.66
16.66
16.66
16.66
16.66
16.66
16.66
16.66
16.66
16.67
16.66
16.67
16.66
16.66
16.66
16.66
16.66
16.66
16.66
16.66
16.66
16.66
16.66
16.66
16.66
16.66
16.66
16.66
16.66
16.66
16.66
16.66
16.66
16.66
16.66
16.66
16.66
16.66
16.68
49.99
33.33
33.33
33.33
16.67
16.66
16.66
33.33
16.66
16.66
16.67
16.66
16.66
33.33
16.66
16.66
16.67
16.66
16.66
16.66
16.66
16.66
16.66
16.66
49.99
16.67
16.66
16.67
16.66
16.66
16.66
16.67
16.66
16.66
16.66
16.67
16.66
16.66
16.66
16.66
16.66
16.66
16.66
16.66
16.66
33.33
16.66
16.67
16.66
16.66
16.66
33.33
33.33
99.99
16.67
16.67
16.66
16.66
16.66
16.67
16.67
16.66
16.66
33.33
16.66
16.66
16.67
16.66
16.66
16.66
16.66
16.66
16.66
16.66
49.99
16.67
16.66
16.67
16.66
16.66
16.66
16.66
33.32
16.66
16.67
16.66
33.33
16.67
16.67
16.66
16.66
16.66
16.66
16.66
49.99
16.66
16.66
16.66
16.66
16.66
16.66
50.00
16.66
66.66
16.66
16.66
16.66
16.66
16.66
16.66
33.33
16.66
16.67
16.67
16.66
16.67
16.66
16.66
16.66
33.33
16.66
16.66
16.66
16.66
16.66
16.67
16.67
16.66
16.66
16.66
16.66
16.66
16.66
16.66
16.66
16.66
16.66
16.66
16.66
16.66
16.66
16.66
16.66
16.66
16.66
16.66
16.66
16.66
16.66
16.66
16.68
33.33
16.67
16.67
16.66
16.66
16.66
16.66
16.66
16.66
33.33
16.66
16.67
16.66
16.66
16.66
33.33
16.66
49.99
33.33
16.67
16.66
16.66
16.66
16.66
16.66
16.66
16.66
16.66
49.99
16.67
16.66
16.66
16.66
16.66
16.66
16.66
33.33
16.66
16.67
16.67
16.66
16.66
16.66
16.66
16.66
16.66
16.66
16.66
16.66
16.66
16.66
33.33
16.66
16.68
16.66
16.66
16.66
16.67
16.67
16.66
16.66
16.66
16.66
16.66
16.66
16.66
49.99
33.33
16.66
16.66
16.67
16.66
33.33
49.99
16.66
16.66
16.66
16.66
16.67
16.66
16.66
16.66
16.66
16.66
33.33
33.34
16.66
16.66
16.66
16.66
16.66
33.32
16.66
16.67
16.66
16.67
16.66
16.66
16.66
16.66
16.66
16.66
16.66
16.66
33.33
16.66
16.68
16.66
16.66
16.66
16.67
16.67
16.66
16.66
16.66
16.66
16.66
16.66
16.66
16.66
16.66
33.33
16.66
16.66
16.67
16.66
16.66
49.99
33.33
49.99
16.66
16.67
16.66
16.66
16.66
16.66
16.66
16.66
33.33
16.66
16.66
16.67
16.66
16.66
16.66
16.66
16.66
16.66
16.66
16.66
16.66
33.33
16.66
16.67
16.67
16.66
16.66
16.66
16.67
16.66
16.66
16.66
16.66
16.66
16.66
16.66
16.66
16.66
16.66
33.33
16.66
16.67
16.66
16.66
16.66
16.66
16.66
16.66
16.66
16.66
16.66
16.66
16.66
16.66
33.33
16.67
16.66
16.67
16.67
16.66
16.67
49.99
16.67
16.66
16.66
33.33
16.67
16.66
16.66
16.67
16.66
16.66
16.66
16.66
33.33
33.33
16.67
16.66
16.66
16.66
16.66
16.67
16.66
16.66
16.66
16.66
16.67
16.67
16.66
16.66
16.66
16.66
16.66
16.66
16.66
16.66
16.66
16.66
16.66
16.66
16.66
16.66
16.66
16.66
16.66
16.66
16.66
16.66
16.66
16.66
16.66
16.66
16.66
16.66
16.66
16.67
16.68
16.66
16.66
16.67
16.66
16.65
16.66
16.66
16.66
16.66
16.66
16.66
16.66
16.66
16.66
16.66
16.66
16.66
16.67
16.67
16.67
16.66
16.66
16.66
16.66
16.66
16.67
16.66
16.66
16.66
16.66
16.67
16.66
16.66
16.66
16.66
16.66
16.66
16.66
16.66
16.68
16.66
16.66
